313450_313472
0.15972222222222224
0.013055555555555555
0.4305555555555555
0.9630555555555554
0.4083333333333334
0.986111111111111
0.20194444444444448
0.09277777777777778
0.42027777777777764
0.8827777777777778
0.8833333333333334
0.9275
0.1686111111111111
0.9052777777777777
0.8211111111111112
0.013055555555555555
0.5011111111111112
0.9966666666666666
0.2733333333333334
0.07222222222222222
0.27861111111111114
0.09722222222222222
0.008888888888888889
0.6874999999999999
0.8294444444444444
0.9911111111111112
0.5652777777777779
0.1811111111111111
0.40444444444444444
0.05694444444444444
0.03083333333333333
0.8058333333333333
0.8744444444444445
0.2525
0.875
0.17222222222222225
0.6867460317460315
0.9902777777777778
0.7338888888888886
0.9622222222222222
0.7708333333333334
0.8944444444444443
0.6994444444444443
0.8325
0.33472222222222214
0.9944444444444444
0.10416666666666666
0.7927777777777778
0.14888888888888888
0.36119047619047606
0.9958333333333333
0.26166666666666666
0.25000000000000006
0.7441666666666666
0.9652777777777778
0.08416666666666668
0.9372222222222223
0.15944444444444444
0.7597222222222223
0.034166666666666665
0.9638888888888889
0.17972222222222223
0.583888888888889
0.5333333333333333
0.8744444444444445
0.4116666666666667
0.13666666666666666
0.8291666666666667
0.5458333333333332
0.688611111111111
0.9455555555555555
0.1686111111111111
0.9822222222222223
0.8175
0.7494444444444445
0.06444444444444446
0.7547222222222223
0.4158333333333333
0.9683333333333334
0.10666666666666667
0.4191666666666667
0.8072222222222222
0.3863888888888889
0.9891666666666666
0.7191666666666667
0.7977777777777777
0.6816666666666666
0.8541666666666666
0.7977777777777778
0.9447222222222222
0.4508333333333333
0.04944444444444444
0.4111111111111111
0.1852777777777778
0.8027777777777778
0.15333333333333332
0.3486111111111111
0.27166666666666667
0.6744444444444445
0.455
0.10944444444444446
0.6308333333333332
0.4930555555555555
0.8136111111111111
0.10666666666666667
0.8263888888888887
0.8508333333333333
0.6613888888888888
0.9777777777777779
0.8233333333333334
0.8822222222222221
0.6416666666666668
0.4419444444444443
0.08944444444444445
0.10972222222222222
0.24055555555555555
0.8461111111111111
0.1444444444444445
0.746388888888889
0.04138888888888889
0.18472222222222223
0.723611111111111
0.9716666666666666
0.44666666666666666
0.3883333333333334
0.9213888888888887
0.13916666666666666
0.07527777777777778
0.9758333333333333
0.4508333333333333
0.9088888888888889
0.43305555555555547
0.2513888888888889
0.9255555555555556
0.016666666666666666
0.8227777777777777
0.5208333333333333
0.8566666666666666
0.606388888888889
0.15972222222222224
0.31111111111111106
0.8302777777777778
0.975
0.2808333333333334
0.14416666666666664
0.8500000000000001
0.4608333333333334
0.05694444444444445
0.08583333333333333
0.20555555555555563
0.6247222222222226
0.05416666666666666
0.9416666666666667
0.1313888888888889
0.06388888888888888
0.5736111111111111
0.9875
0.8522222222222222
0.44749999999999995
0.45166666666666655
0.8847222222222223
0.9680555555555554
0.18333333333333332
0.1402777777777778
0.007500000000000001
0.2130555555555556
0.4827777777777778
0.9966666666666666
0.11805555555555555
0.49972222222222223
0.9338888888888889
0.6538888888888891
0.4155555555555555
0.4583333333333333
0.3972222222222222
0.7966666666666666
0.8494444444444443
0.15055555555555555
0.8597222222222224
0.04527777777777778
0.7927777777777777
0.16472222222222224
0.9574999999999999
0.41916666666666663
0.10722222222222225
0.4444444444444444
0.26638888888888884
0.16583333333333333
0.15416666666666667
0.1636111111111111
0.7963888888888888
0.9222222222222223
0.04666666666666666
0.3466666666666666
0.12611111111111112
0.9399999999999998
0.07083333333333333
0.9188888888888889
0.3449999999999999
0.03166666666666666
0.08027777777777777
0.9416666666666667
0.9408333333333333
0.6902777777777779
0.2186111111111111
0.03055555555555555
0.8725
0.9480555555555555
0.7900000000000001
0.2658333333333333
0.08111111111111109
0.0975
0.07361111111111111
0.05388888888888889
0.03416666666666667
0.13777777777777775
0.9680555555555554
0.9777777777777777
0.02222222222222222
0.06861111111111112
0.9066666666666666
0.887222222222222
0.3458333333333334
0.060000000000000005
0.3286111111111111
0.3526587301587301
0.04
0.1438888888888889
0.37666666666666654
0.916111111111111
0.26750000000000007
0.07805555555555556
0.8755555555555555
0.6113888888888889
0.6416666666666668
0.7780555555555555
0.2791666666666666
0.6366666666666667
0.4497222222222223
0.9722222222222221
0.27166666666666667
0.2622222222222222
0.9536111111111111
0.3486111111111111
0.03861111111111111
0.9330555555555555
0.9502777777777778
0.14674603174603176
0.19452380952380952
0.7561111111111111
0.5583333333333333
0.4047222222222222
0.15472222222222218
0.35027777777777774
0.05694444444444444
0.9075
0.51
0.11444444444444443
0.9386111111111111
0.9958333333333333
0.9130555555555557
0.9958333333333333
0.9197222222222223
0.12277777777777779
0.9391666666666667
0.9124999999999999
0.15722222222222226
0.175
0.9888888888888889
0.10861111111111112
0.8133333333333332
0.7700000000000001
0.05305555555555555
0.20948412698412697
0.08333333333333331
0.12277777777777774
0.8830555555555556
0.38166666666666677
0.6841666666666665
0.9916666666666667
0.4444444444444444
0.11583333333333332
0.4427777777777778
0.9025
0.9672222222222223
0.21444444444444447
0.14416666666666667
0.8802777777777777
0.8827777777777776
0.09444444444444446
0.0847222222222222
0.12805555555555556
0.8722222222222222
0.9647222222222221
0.975
0.8833333333333333
0.1308333333333333
0.4802777777777777
0.937777777777778
0.45833333333333326
0.031111111111111107
0.1733333333333333
0.9572222222222222
0.8811111111111111
0.6383333333333334
0.9916666666666667
0.49222222222222217
0.7530555555555555
0.9024999999999999
0.11249999999999999
0.568611111111111
0.9186111111111112
0.2255555555555556
0.5652777777777777
0.9569444444444444
0.09638888888888889
0.275
0.01111111111111111
0.9505555555555555
0.4131349206349206
0.06055555555555555
0.036944444444444446
0.34944444444444434
0.9622222222222222
0.041666666666666664
0.060000000000000005
0.08583333333333333
0.44638888888888884
0.9005555555555554
0.18250000000000005
0.9911111111111112
0.9363888888888888
1.0
0.8852777777777777
0.008888888888888889
0.9266666666666664
0.027777777777777776
0.05305555555555555
0.47472222222222216
0.8677777777777778
0.27972222222222226
0.02666666666666667
0.9833333333333332
0.1277777777777778
0.4697222222222222
0.09194444444444445
0.08583333333333334
0.37805555555555553
0.961111111111111
0.7205555555555556
0.17527777777777778
0.9511111111111109
0.3313888888888889
0.045000000000000005
0.03333333333333333
0.007500000000000001
0.9966666666666666
0.4705555555555556
0.9558333333333333
0.036388888888888894
0.07944444444444444
0.18444444444444447
0.854722222222222
0.4575000000000001
0.7313888888888889
0.6611111111111112
0.23944444444444443
0.26583333333333337
0.8158333333333333
0.9875
0.15361111111111111
0.10777777777777778
0.44861111111111107
0.17749999999999996
0.8180555555555553
0.9569444444444445
0.8466666666666666
0.9277777777777777
0.07416666666666667
0.9605555555555557
0.10833333333333334
0.61
0.8424999999999998
0.9375
0.685
0.7633333333333333
0.15111111111111108
0.715277777777778
0.22083333333333333
0.2425
0.8663888888888889
0.10666666666666667
0.9277777777777777
0.7255555555555555
0.944722222222222
0.6361111111111111
1.0
0.33888888888888896
0.08638888888888889
0.40722222222222226
0.8241666666666666
0.5238888888888888
0.20611111111111105
0.8805555555555556
0.9744444444444444
0.17694444444444446
0.2163888888888889
0.9888888888888889
0.8458333333333333
0.295
0.10583333333333332
0.9341666666666667
0.9097222222222222
0.13638888888888887
0.3013888888888888
0.7994444444444445
0.7633333333333333
0.21305555555555558
0.9213888888888888
0.9166666666666665
0.5961111111111111
0.27222222222222225
0.8347222222222221
0.20111111111111107
0.6094444444444445
0.8494444444444444
0.15388888888888888
0.32499999999999996
0.30444444444444446
0.42277777777777775
0.2366666666666667
0.7619444444444443
0.2572222222222222
0.16027777777777777
0.725
0.6122222222222224
0.7108333333333333
0.7852777777777777
0.07888888888888888
0.06777777777777777
0.976111111111111
0.2386111111111111
0.9127777777777777
0.027777777777777776
0.06250000000000001
0.7988888888888889
0.9186111111111112
0.9597222222222221
0.34555555555555556
0.43222222222222223
0.6216666666666666
0.893888888888889
0.9088888888888887
0.6191666666666666
0.1913888888888889
0.15055555555555555
0.7013888888888892
0.10749999999999998
0.8863888888888888
0.28805555555555556
0.27527777777777784
0.06861111111111112
0.07916666666666666
0.10944444444444444
0.9102777777777777
0.07416666666666667
0.5113888888888889
0.9577777777777777
0.7830555555555555
0.05722222222222224
0.711388888888889
0.6877777777777777
0.3561111111111111
0.16666666666666666
0.7125000000000001
0.9722222222222222
0.47861111111111115
0.7019444444444445
0.23638888888888893
0.9855555555555555
0.3088888888888889
0.9805555555555555
0.523611111111111
0.9944444444444444
0.22000000000000003
0.7438888888888887
0.9447222222222221
0.14750000000000002
0.31722222222222224
0.7636111111111112
0.09111111111111111
0.6297222222222222
0.9563888888888887
0.5783333333333334
0.7683333333333333
0.9147222222222221
0.8461111111111114
0.9691666666666666
0.9547222222222224
0.28388888888888886
0.5155555555555555
0.44527777777777783
0.06916666666666667
0.15722222222222224
0.8697222222222222
0.2830555555555555
0.8505555555555555
0.8452777777777777
0.9211111111111111
0.8869444444444444
0.04944444444444444
0.2325
0.44749999999999995
0.4791666666666667
0.22055555555555553
0.05611111111111112
0.4113888888888889
0.06722222222222222
0.3655555555555555
0.9822222222222222
0.8638888888888888
0.861111111111111
0.7527777777777778
0.543888888888889
0.8722222222222222
0.04777777777777779
0.9002777777777777
0.2147222222222222
0.7511111111111111
0.09861111111111108
0.6366666666666666
0.9347222222222221
0.7130555555555558
0.6194444444444442
0.5474999999999999
0.6191666666666666
0.9319444444444446
1.0
0.10416666666666667
0.5858333333333334
0.07694444444444444
0.1877777777777778
0.2755555555555555
0.17722222222222223
0.042777777777777776
0.9319444444444444
0.030833333333333334
0.8816666666666666
0.7080555555555554
0.07222222222222222
0.29250000000000004
0.2375
0.8744444444444442
0.1238888888888889
0.5525000000000001
0.22861111111111113
0.6269444444444444
0.9625000000000001
0.1336111111111111
0.9516666666666667
0.7977777777777778
0.1275
0.7036111111111111
0.853888888888889
0.5275000000000001
0.2358333333333333
0.968888888888889
0.1391666666666667
0.26777777777777784
0.6336111111111111
0.8852777777777778
0.8491666666666666
0.09
0.15611111111111112
0.5236111111111111
0.07972222222222222
0.8197222222222221
0.7308333333333332
0.7750000000000001
0.12055555555555555
0.15888888888888889
0.9569444444444444
0.1636111111111111
0.03861111111111112
0.6619444444444443
0.8119444444444445
0.898888888888889
0.46444444444444444
0.5802777777777778
0.03222222222222222
0.11444444444444445
0.9530555555555557
0.1513888888888889
0.08194444444444443
0.4794444444444444
0.9555555555555555
0.4952777777777778
0.9002777777777776
0.8977777777777778
0.020833333333333332
