313450_313472
0.62
0.21
0.51
0.67
0.32
0.83
0.43
0.32
0.47
0.86
0.57
0.8
0.52
0.59
0.52
0.22
0.24
0.87
0.44
0.3
0.45
0.37
0.26
0.73
0.63
0.67
0.39
0.42
0.46
0.23
0.25
0.47
0.73
0.63
0.64
0.54
0.45
0.83
0.6
0.71
0.44
0.82
0.61
0.58
0.39
0.85
0.29
0.67
0.4
0.52
0.71
0.43
0.67
0.58
0.57
0.34
0.68
0.22
0.49
0.21
0.6
0.33
0.53
0.46
0.64
0.45
0.37
0.46
0.41
0.62
0.61
0.26
0.83
0.7
0.73
0.4
0.78
0.47
0.66
0.21
0.46
0.58
0.41
0.82
0.69
0.38
0.47
0.5
0.5
0.46
0.49
0.21
0.46
0.49
0.7
0.34
0.27
0.36
0.69
0.49
0.22
0.44
0.67
0.67
0.69
0.48
0.41
0.57
0.93
0.8
0.36
0.38
0.52
0.45
0.17
0.24
0.7
0.45
0.58
0.14
0.25
0.7
0.7
0.51
0.68
0.67
0.31
0.23
0.87
0.54
0.85
0.36
0.33
0.56
0.25
0.55
0.71
0.67
0.44
0.27
0.42
0.49
0.7
0.36
0.47
0.74
0.31
0.22
0.3
0.59
0.68
0.17
0.79
0.39
0.41
0.49
0.79
0.8
0.36
0.72
0.59
0.61
0.58
0.33
0.22
0.41
0.54
0.87
0.45
0.44
0.63
0.53
0.65
0.4
0.43
0.79
0.48
0.55
0.65
0.4
0.65
0.59
0.37
0.32
0.44
0.5
0.31
0.37
0.32
0.2
0.6
0.82
0.41
0.46
0.42
0.82
0.43
0.81
0.33
0.23
0.33
0.59
0.81
0.7
0.15
0.23
0.61
0.79
0.73
0.36
0.25
0.59
0.31
0.15
0.28
0.6
0.84
0.9
0.26
0.3
0.5
0.7
0.33
0.4
0.73
0.46
0.34
0.29
0.4
0.72
0.38
0.28
0.52
0.47
0.54
0.57
0.43
0.43
0.43
0.57
0.56
0.38
0.83
0.27
0.34
0.78
0.67
0.42
0.38
0.58
0.63
0.54
0.48
0.32
0.27
0.7
0.43
0.38
0.51
0.61
0.6
0.77
0.79
0.27
0.89
0.77
0.53
0.42
0.58
0.09
0.44
0.33
0.19
0.35
0.34
0.59
0.52
0.34
0.52
0.72
0.37
0.4
0.31
0.44
0.82
0.51
0.34
0.37
0.41
0.22
0.2
0.49
0.58
0.84
0.68
0.64
0.44
0.69
0.63
0.51
0.29
0.47
0.68
0.51
0.62
0.8
0.43
0.46
0.61
0.35
0.61
0.72
0.32
0.48
0.93
0.25
0.49
0.09
0.57
0.39
0.35
0.26
0.6
0.75
0.46
0.34
0.28
0.39
0.54
0.44
0.87
0.7
0.69
0.69
0.3
0.77
0.13
0.19
0.59
0.55
0.39
0.12
0.82
0.42
0.47
0.2
0.49
0.5
0.74
0.39
0.45
0.81
0.45
0.3
0.32
0.2
0.85
0.52
0.76
0.18
0.57
0.26
0.61
0.49
0.8
0.64
0.53
0.34
0.73
0.9
0.17
0.25
0.45
0.56
0.53
0.71
0.76
0.71
0.16
0.82
0.32
0.73
0.55
0.82
0.43
0.62
0.49
0.56
0.47
0.41
0.69
0.5
0.52
0.58
0.74
0.62
0.69
0.36
0.25
0.38
0.59
0.5
0.33
0.64
0.92
0.37
0.32
0.8
0.52
0.33
0.24
0.7
0.76
0.22
0.54
0.5
0.57
0.44
0.65
0.52
0.5
0.27
0.38
0.33
0.34
0.8
0.4
0.51
0.47
0.38
0.43
0.62
0.35
0.26
0.62
0.72
0.41
0.87
0.45
0.24
0.82
0.47
0.62
0.33
0.31
0.65
0.5
0.77
0.42
0.59
0.81
0.76
0.77
0.44
0.41
0.29
0.58
0.42
0.7
0.43
0.43
0.35
0.2
0.64
0.74
0.22
0.55
0.86
0.66
0.28
0.45
0.49
0.34
0.35
0.49
0.78
0.43
0.39
0.37
0.66
0.46
0.89
0.6
0.75
0.57
0.64
0.46
0.27
0.46
0.62
0.32
0.62
0.61
0.79
0.53
0.57
0.79
0.62
0.8
0.57
0.3
0.41
0.37
0.36
0.6
0.22
0.74
0.68
0.76
0.8
0.19
0.45
0.44
0.46
0.51
0.34
0.39
0.23
0.6
0.59
0.43
0.59
0.42
0.43
0.63
0.22
0.74
0.28
0.49
0.36
0.58
0.64
0.43
0.53
0.61
0.53
0.64
0.91
0.38
0.56
0.43
0.56
0.25
0.49
0.26
0.76
0.32
0.56
0.29
0.32
0.6
0.4
0.55
0.44
0.7
0.54
0.42
0.59
0.22
0.71
0.49
0.53
0.46
0.74
0.46
0.45
0.69
0.31
0.51
0.63
0.38
0.58
0.38
0.47
0.42
0.47
0.71
0.57
0.48
0.53
0.53
0.74
0.32
0.35
0.58
0.36
0.63
0.49
0.32
0.3
0.38
0.86
0.5
0.33
0.39
0.78
0.33
0.82
0.74
0.23
