313450_313472
0.12745098039215685
0.08823529411764706
0.6176470588235294
0.9607843137254902
0.3431372549019608
0.9803921568627451
0.20588235294117646
0.12745098039215685
0.16666666666666666
0.9215686274509803
0.9705882352941176
0.9607843137254902
0.3333333333333333
0.7843137254901961
0.7549019607843137
0.029411764705882353
0.23529411764705882
1.0
0.45098039215686275
0.049019607843137254
0.38235294117647056
0.09803921568627451
0.09803921568627451
0.9411764705882353
0.7843137254901961
0.9509803921568627
0.2647058823529412
0.6274509803921569
0.45098039215686275
0.00980392156862745
0.00980392156862745
0.7450980392156863
0.7745098039215687
0.7549019607843137
0.9215686274509803
0.23529411764705882
0.8235294117647058
0.9215686274509803
0.7647058823529411
0.8627450980392157
0.6078431372549019
0.9117647058823529
0.5882352941176471
0.8725490196078431
0.24509803921568626
0.9705882352941176
0.11764705882352941
0.7549019607843137
0.2549019607843137
0.39215686274509803
0.9509803921568627
0.27450980392156865
0.3137254901960784
0.7549019607843137
0.8333333333333334
0.029411764705882353
0.9705882352941176
0.29411764705882354
0.7941176470588235
0.0784313725490196
0.8431372549019608
0.11764705882352941
0.5098039215686274
0.6274509803921569
0.8921568627450981
0.5
0.4411764705882353
0.8235294117647058
0.4411764705882353
0.6176470588235294
0.9411764705882353
0.16666666666666666
0.9509803921568627
0.803921568627451
0.6078431372549019
0.16666666666666666
0.8627450980392157
0.4803921568627451
0.9509803921568627
0.29411764705882354
0.6666666666666666
0.8725490196078431
0.45098039215686275
0.9901960784313726
0.5980392156862745
0.696078431372549
0.7647058823529411
0.5196078431372549
0.7450980392156863
0.8823529411764706
0.49019607843137253
0.12745098039215685
0.20588235294117646
0.11764705882352941
0.803921568627451
0.11764705882352941
0.38235294117647056
0.38235294117647056
0.6764705882352942
0.38235294117647056
0.0392156862745098
0.4019607843137255
0.46078431372549017
0.9117647058823529
0.1568627450980392
0.7941176470588235
0.7941176470588235
0.5098039215686274
0.9901960784313726
0.9215686274509803
0.7254901960784313
0.43137254901960786
0.45098039215686275
0.28431372549019607
0.14705882352941177
0.29411764705882354
0.8725490196078431
0.11764705882352941
0.45098039215686275
0.049019607843137254
0.29411764705882354
0.7156862745098039
0.9607843137254902
0.5294117647058824
0.6274509803921569
0.8235294117647058
0.24509803921568626
0.14705882352941177
0.9901960784313726
0.43137254901960786
0.9313725490196079
0.28431372549019607
0.22549019607843138
0.9411764705882353
0.049019607843137254
0.9019607843137255
0.5588235294117647
0.8431372549019608
0.5980392156862745
0.058823529411764705
0.24509803921568626
0.8333333333333334
0.9705882352941176
0.19607843137254902
0.16666666666666666
0.8627450980392157
0.3431372549019608
0.09803921568627451
0.029411764705882353
0.3431372549019608
0.6176470588235294
0.049019607843137254
0.8823529411764706
0.13725490196078433
0.38235294117647056
0.5
0.9803921568627451
0.8627450980392157
0.39215686274509803
0.6176470588235294
0.8725490196078431
0.9607843137254902
0.3627450980392157
0.2647058823529412
0.058823529411764705
0.14705882352941177
0.3235294117647059
0.9901960784313726
0.10784313725490197
0.3235294117647059
0.9509803921568627
0.6764705882352942
0.17647058823529413
0.4117647058823529
0.45098039215686275
0.9411764705882353
0.8235294117647058
0.10784313725490197
0.6470588235294118
0.058823529411764705
0.8137254901960784
0.24509803921568626
0.8333333333333334
0.4117647058823529
0.06862745098039216
0.4411764705882353
0.5980392156862745
0.24509803921568626
0.09803921568627451
0.12745098039215685
0.6372549019607843
0.9705882352941176
0.24509803921568626
0.3431372549019608
0.22549019607843138
0.9019607843137255
0.10784313725490197
0.9019607843137255
0.3431372549019608
0.0392156862745098
0.17647058823529413
0.9215686274509803
0.9607843137254902
0.6470588235294118
0.21568627450980393
0.06862745098039216
0.9117647058823529
0.8725490196078431
0.4803921568627451
0.18627450980392157
0.2647058823529412
0.14705882352941177
0.0392156862745098
0.0392156862745098
0.049019607843137254
0.4019607843137255
0.9607843137254902
0.9607843137254902
0.0392156862745098
0.16666666666666666
0.8725490196078431
0.9215686274509803
0.3333333333333333
0.17647058823529413
0.24509803921568626
0.45098039215686275
0.08823529411764706
0.10784313725490197
0.4215686274509804
0.8137254901960784
0.29411764705882354
0.06862745098039216
0.8725490196078431
0.35294117647058826
0.5392156862745098
0.8235294117647058
0.2647058823529412
0.3137254901960784
0.4411764705882353
0.9215686274509803
0.49019607843137253
0.27450980392156865
1.0
0.20588235294117646
0.058823529411764705
0.9901960784313726
0.9411764705882353
0.1568627450980392
0.16666666666666666
0.8823529411764706
0.5882352941176471
0.30392156862745096
0.19607843137254902
0.28431372549019607
0.0196078431372549
0.9019607843137255
0.5196078431372549
0.06862745098039216
0.7352941176470589
0.8921568627450981
0.9313725490196079
0.9901960784313726
0.9607843137254902
0.0392156862745098
0.9901960784313726
0.8627450980392157
0.18627450980392157
0.3137254901960784
0.8921568627450981
0.058823529411764705
0.7058823529411765
0.7450980392156863
0.0196078431372549
0.27450980392156865
0.058823529411764705
0.24509803921568626
0.7549019607843137
0.6274509803921569
0.7058823529411765
0.9411764705882353
0.4803921568627451
0.20588235294117646
0.6568627450980392
0.7647058823529411
0.9901960784313726
0.22549019607843138
0.19607843137254902
0.696078431372549
0.8333333333333334
0.28431372549019607
0.16666666666666666
0.21568627450980393
0.8725490196078431
0.8137254901960784
1.0
0.9411764705882353
0.2647058823529412
0.5294117647058824
0.8529411764705882
0.45098039215686275
0.10784313725490197
0.39215686274509803
0.8921568627450981
0.9117647058823529
0.7549019607843137
0.9705882352941176
0.3235294117647059
0.7352941176470589
0.9019607843137255
0.029411764705882353
0.4411764705882353
0.9509803921568627
0.17647058823529413
0.5588235294117647
0.9705882352941176
0.20588235294117646
0.29411764705882354
0.0392156862745098
0.9705882352941176
0.6176470588235294
0.029411764705882353
0.13725490196078433
0.45098039215686275
0.9215686274509803
0.21568627450980393
0.029411764705882353
0.08823529411764706
0.4411764705882353
0.8137254901960784
0.1568627450980392
0.9901960784313726
0.9803921568627451
0.9215686274509803
0.7745098039215687
0.0784313725490196
0.8529411764705882
0.049019607843137254
0.00980392156862745
0.5
0.9411764705882353
0.28431372549019607
0.0196078431372549
1.0
0.09803921568627451
0.5686274509803921
0.11764705882352941
0.08823529411764706
0.6372549019607843
0.7058823529411765
0.5098039215686274
0.13725490196078433
0.9803921568627451
0.27450980392156865
0.058823529411764705
0.058823529411764705
0.09803921568627451
1.0
0.4803921568627451
0.9215686274509803
0.0
0.0392156862745098
0.17647058823529413
0.8921568627450981
0.2549019607843137
0.9215686274509803
0.5588235294117647
0.20588235294117646
0.30392156862745096
0.8921568627450981
0.9803921568627451
0.11764705882352941
0.20588235294117646
0.35294117647058826
0.3137254901960784
0.4019607843137255
0.9607843137254902
0.9313725490196079
0.9313725490196079
0.19607843137254902
1.0
0.06862745098039216
0.5490196078431373
0.8725490196078431
0.9117647058823529
0.6372549019607843
0.803921568627451
0.27450980392156865
0.6176470588235294
0.22549019607843138
0.3627450980392157
0.8431372549019608
0.2647058823529412
0.803921568627451
0.8431372549019608
0.9313725490196079
0.7450980392156863
0.9019607843137255
0.30392156862745096
0.11764705882352941
0.12745098039215685
0.7058823529411765
0.49019607843137253
0.37254901960784315
0.803921568627451
0.9803921568627451
0.09803921568627451
0.17647058823529413
1.0
0.8725490196078431
0.23529411764705882
0.14705882352941177
0.9607843137254902
0.8823529411764706
0.10784313725490197
0.2647058823529412
0.7843137254901961
0.696078431372549
0.12745098039215685
0.8627450980392157
0.7745098039215687
0.4803921568627451
0.24509803921568626
0.6568627450980392
0.5294117647058824
0.5392156862745098
0.6568627450980392
0.16666666666666666
0.5196078431372549
0.29411764705882354
0.2647058823529412
0.3627450980392157
0.8725490196078431
0.6176470588235294
0.23529411764705882
0.803921568627451
0.6568627450980392
0.5588235294117647
0.8235294117647058
0.19607843137254902
0.0392156862745098
0.9705882352941176
0.20588235294117646
0.9313725490196079
0.0784313725490196
0.06862745098039216
0.6764705882352942
0.8235294117647058
0.9509803921568627
0.7450980392156863
0.4411764705882353
0.6176470588235294
0.9803921568627451
0.8627450980392157
0.6764705882352942
0.28431372549019607
0.13725490196078433
0.5588235294117647
0.17647058823529413
0.9117647058823529
0.37254901960784315
0.30392156862745096
0.16666666666666666
0.049019607843137254
0.0392156862745098
0.9411764705882353
0.16666666666666666
0.6274509803921569
0.9803921568627451
0.9117647058823529
0.049019607843137254
0.47058823529411764
0.6862745098039216
0.14705882352941177
0.10784313725490197
0.6666666666666666
0.7745098039215687
0.6274509803921569
0.4411764705882353
0.23529411764705882
0.9607843137254902
0.19607843137254902
0.9607843137254902
0.6372549019607843
0.9901960784313726
0.3333333333333333
0.8823529411764706
0.6274509803921569
0.19607843137254902
0.49019607843137253
0.6078431372549019
0.0392156862745098
0.29411764705882354
0.9019607843137255
0.7254901960784313
0.7352941176470589
0.8921568627450981
0.9607843137254902
0.8725490196078431
0.9803921568627451
0.23529411764705882
0.23529411764705882
0.47058823529411764
0.09803921568627451
0.049019607843137254
0.9019607843137255
0.21568627450980393
0.8823529411764706
0.7843137254901961
0.9411764705882353
0.9215686274509803
0.0392156862745098
0.3137254901960784
0.5196078431372549
0.47058823529411764
0.3137254901960784
0.0392156862745098
0.2647058823529412
0.06862745098039216
0.5
0.9313725490196079
0.8431372549019608
0.7647058823529411
0.6274509803921569
0.7647058823529411
0.7254901960784313
0.0392156862745098
0.8529411764705882
0.45098039215686275
0.49019607843137253
0.06862745098039216
0.7156862745098039
0.8921568627450981
0.8431372549019608
0.6274509803921569
0.39215686274509803
0.27450980392156865
0.8529411764705882
1.0
0.14705882352941177
0.6764705882352942
0.13725490196078433
0.16666666666666666
0.2549019607843137
0.38235294117647056
0.029411764705882353
0.8921568627450981
0.06862745098039216
0.6176470588235294
0.3235294117647059
0.00980392156862745
0.4117647058823529
0.16666666666666666
0.8137254901960784
0.35294117647058826
0.5196078431372549
0.4215686274509804
0.4803921568627451
0.9215686274509803
0.0392156862745098
0.7549019607843137
0.6666666666666666
0.09803921568627451
0.5490196078431373
0.7745098039215687
0.6274509803921569
0.22549019607843138
0.9803921568627451
0.24509803921568626
0.4803921568627451
0.5980392156862745
0.4411764705882353
0.6470588235294118
0.14705882352941177
0.12745098039215685
0.3627450980392157
0.17647058823529413
0.9705882352941176
0.8137254901960784
0.6078431372549019
0.0784313725490196
0.3333333333333333
0.8137254901960784
0.27450980392156865
0.0784313725490196
0.8137254901960784
0.5686274509803921
0.8627450980392157
0.43137254901960786
0.43137254901960786
0.029411764705882353
0.06862745098039216
0.9803921568627451
0.12745098039215685
0.19607843137254902
0.2647058823529412
0.9705882352941176
0.2549019607843137
0.9117647058823529
0.9117647058823529
0.049019607843137254
