313450_313472
0.36024844720496896
0.11801242236024845
0.46273291925465837
0.8881987577639752
0.34782608695652173
0.8757763975155279
0.4937888198757764
0.08695652173913043
0.32298136645962733
0.9161490683229814
0.7422360248447205
0.8167701863354038
0.37577639751552794
0.6055900621118012
0.8664596273291926
0.10559006211180125
0.1956521739130435
0.9565217391304348
0.515527950310559
0.08074534161490683
0.4409937888198758
0.059006211180124224
0.13975155279503104
0.8385093167701864
0.7018633540372671
0.9316770186335404
0.16770186335403728
0.6024844720496895
0.4658385093167702
0.059006211180124224
0.021739130434782608
0.5962732919254659
0.7391304347826086
0.5962732919254659
0.6956521739130435
0.21428571428571427
0.6086956521739131
0.8757763975155279
0.6832298136645962
0.7484472049689441
0.6677018633540373
0.8975155279503105
0.562111801242236
0.8385093167701864
0.43788819875776397
0.9596273291925466
0.15217391304347827
0.6677018633540373
0.38509316770186336
0.2267080745341615
0.7981366459627329
0.5590062111801242
0.5124223602484472
0.5807453416149069
0.7484472049689441
0.08385093167701864
0.7701863354037267
0.2919254658385093
0.5993788819875776
0.13043478260869565
0.8788819875776398
0.3416149068322981
0.4409937888198758
0.4440993788819876
0.6055900621118012
0.5
0.37577639751552794
0.6739130434782609
0.43788819875776397
0.7515527950310559
0.7763975155279503
0.2577639751552795
0.9409937888198758
0.8167701863354038
0.577639751552795
0.2111801242236025
0.717391304347826
0.5807453416149069
0.8757763975155279
0.10559006211180125
0.5496894409937888
0.8416149068322981
0.32298136645962733
0.84472049689441
0.6428571428571429
0.3447204968944099
0.562111801242236
0.6366459627329193
0.7018633540372671
0.6583850931677019
0.5527950310559007
0.09006211180124224
0.37888198757763975
0.32298136645962733
0.8105590062111802
0.38198757763975155
0.484472049689441
0.32298136645962733
0.7484472049689441
0.4937888198757764
0.07453416149068323
0.546583850931677
0.5403726708074534
0.8726708074534162
0.37577639751552794
0.6118012422360248
0.7080745341614907
0.5714285714285714
0.9906832298136646
0.7857142857142857
0.7360248447204969
0.4409937888198758
0.4906832298136646
0.32298136645962733
0.2080745341614907
0.14596273291925466
0.8633540372670807
0.2577639751552795
0.8913043478260869
0.059006211180124224
0.14906832298136646
0.6770186335403726
0.9099378881987578
0.5590062111801242
0.7919254658385093
0.8354037267080745
0.2701863354037267
0.059006211180124224
0.8695652173913043
0.40372670807453415
0.8944099378881988
0.531055900621118
0.2919254658385093
0.8260869565217391
0.049689440993788817
0.7763975155279503
0.7204968944099379
0.782608695652174
0.6521739130434783
0.15838509316770186
0.2111801242236025
0.6366459627329193
0.9751552795031055
0.15527950310559005
0.35714285714285715
0.7919254658385093
0.4751552795031056
0.17080745341614906
0.13664596273291926
0.43788819875776397
0.6521739130434783
0.20496894409937888
0.8509316770186336
0.09627329192546584
0.2670807453416149
0.5372670807453416
0.922360248447205
0.8074534161490683
0.4658385093167702
0.6956521739130435
0.9006211180124224
0.7981366459627329
0.5031055900621118
0.20496894409937888
0.055900621118012424
0.4658385093167702
0.43788819875776397
0.9596273291925466
0.27639751552795033
0.33540372670807456
0.8540372670807453
0.6211180124223602
0.38819875776397517
0.4192546583850932
0.3447204968944099
0.9192546583850931
0.6677018633540373
0.27639751552795033
0.6739130434782609
0.06521739130434782
0.6118012422360248
0.3105590062111801
0.7267080745341615
0.3695652173913043
0.21428571428571427
0.6211180124223602
0.468944099378882
0.3167701863354037
0.16770186335403728
0.12422360248447205
0.7795031055900621
0.984472049689441
0.06521739130434782
0.20186335403726707
0.3167701863354037
0.8167701863354038
0.17391304347826086
0.9285714285714286
0.4161490683229814
0.08695652173913043
0.30434782608695654
0.6801242236024845
0.8695652173913043
0.6645962732919255
0.034161490683229816
0.06521739130434782
0.782608695652174
0.7919254658385093
0.7608695652173914
0.2391304347826087
0.2981366459627329
0.33229813664596275
0.18633540372670807
0.08074534161490683
0.08385093167701864
0.453416149068323
0.9254658385093167
0.9906832298136646
0.07763975155279502
0.2329192546583851
0.7018633540372671
0.7981366459627329
0.45652173913043476
0.3695652173913043
0.5590062111801242
0.43167701863354035
0.2267080745341615
0.13354037267080746
0.3167701863354037
0.6801242236024845
0.2888198757763975
0.2608695652173913
0.7639751552795031
0.4161490683229814
0.562111801242236
0.639751552795031
0.32608695652173914
0.6428571428571429
0.35714285714285715
0.8788819875776398
0.6645962732919255
0.43478260869565216
0.8819875776397516
0.2795031055900621
0.17080745341614906
0.717391304347826
0.8540372670807453
0.18944099378881987
0.2577639751552795
0.7639751552795031
0.6801242236024845
0.40993788819875776
0.40062111801242234
0.391304347826087
0.15217391304347827
0.7080745341614907
0.43788819875776397
0.18012422360248448
0.8913043478260869
0.7888198757763976
0.8695652173913043
0.9472049689440993
0.9565217391304348
0.17701863354037267
0.9316770186335404
0.8416149068322981
0.2204968944099379
0.3695652173913043
0.7298136645962733
0.040372670807453416
0.6894409937888198
0.5
0.09627329192546584
0.39751552795031053
0.15527950310559005
0.391304347826087
0.7018633540372671
0.17391304347826086
0.6242236024844721
0.9285714285714286
0.5652173913043478
0.2515527950310559
0.2608695652173913
0.7546583850931677
0.9813664596273292
0.2950310559006211
0.2795031055900621
0.4472049689440994
0.7111801242236024
0.046583850931677016
0.12111801242236025
0.2577639751552795
0.6925465838509317
0.7732919254658385
0.7080745341614907
0.7950310559006211
0.3416149068322981
0.6118012422360248
0.7142857142857143
0.593167701863354
0.14596273291925466
0.32298136645962733
0.8540372670807453
0.7236024844720497
0.6055900621118012
0.8385093167701864
0.4813664596273292
0.5652173913043478
0.7981366459627329
0.2888198757763975
0.5714285714285714
0.8850931677018633
0.32608695652173914
0.5559006211180124
0.9161490683229814
0.10869565217391304
0.37888198757763975
0.049689440993788817
0.782608695652174
0.38819875776397517
0.14285714285714285
0.2391304347826087
0.3695652173913043
0.9316770186335404
0.3447204968944099
0.09937888198757763
0.22981366459627328
0.33229813664596275
0.5993788819875776
0.11180124223602485
0.953416149068323
0.7701863354037267
0.7639751552795031
0.7888198757763976
0.046583850931677016
0.9503105590062112
0.021739130434782608
0.07453416149068323
0.6335403726708074
0.7857142857142857
0.15217391304347827
0.049689440993788817
0.9409937888198758
0.3416149068322981
0.4782608695652174
0.2453416149068323
0.2701863354037267
0.5527950310559007
0.84472049689441
0.6180124223602484
0.4472049689440994
0.8913043478260869
0.38509316770186336
0.12732919254658384
0.12111801242236025
0.040372670807453416
0.9968944099378882
0.40993788819875776
0.7950310559006211
0.009316770186335404
0.2857142857142857
0.2981366459627329
0.639751552795031
0.27639751552795033
0.9161490683229814
0.7142857142857143
0.38819875776397517
0.2826086956521739
0.7670807453416149
0.953416149068323
0.11801242236024845
0.12732919254658384
0.4937888198757764
0.48757763975155277
0.7422360248447205
0.9440993788819876
0.8695652173913043
0.8726708074534162
0.09937888198757763
0.8291925465838509
0.2111801242236025
0.6335403726708074
0.7639751552795031
0.9161490683229814
0.4751552795031056
0.7981366459627329
0.3136645962732919
0.5590062111801242
0.5124223602484472
0.2546583850931677
0.860248447204969
0.4409937888198758
0.8416149068322981
0.7888198757763976
0.953416149068323
0.8074534161490683
0.8074534161490683
0.3416149068322981
0.13043478260869565
0.32608695652173914
0.6801242236024845
0.33229813664596275
0.35714285714285715
0.6925465838509317
0.922360248447205
0.3447204968944099
0.20496894409937888
0.9751552795031055
0.5993788819875776
0.2267080745341615
0.19254658385093168
0.8695652173913043
0.8416149068322981
0.14285714285714285
0.4192546583850932
0.7329192546583851
0.7422360248447205
0.32919254658385094
0.8291925465838509
0.7795031055900621
0.7546583850931677
0.2732919254658385
0.5590062111801242
0.562111801242236
0.42857142857142855
0.8136645962732919
0.19875776397515527
0.4440993788819876
0.38509316770186336
0.4254658385093168
0.45652173913043476
0.8043478260869565
0.4254658385093168
0.13043478260869565
0.7453416149068323
0.5527950310559007
0.5590062111801242
0.8291925465838509
0.3136645962732919
0.16770186335403728
0.8167701863354038
0.2111801242236025
0.8136645962732919
0.13354037267080746
0.21428571428571427
0.8260869565217391
0.782608695652174
0.8633540372670807
0.3944099378881988
0.6180124223602484
0.7049689440993789
0.9347826086956522
0.8074534161490683
0.531055900621118
0.2795031055900621
0.17391304347826086
0.5279503105590062
0.2639751552795031
0.860248447204969
0.2546583850931677
0.3198757763975155
0.043478260869565216
0.13354037267080746
0.40993788819875776
0.9658385093167702
0.18012422360248448
0.38509316770186336
0.8944099378881988
0.8757763975155279
0.13664596273291926
0.43788819875776397
0.593167701863354
0.2670807453416149
0.2111801242236025
0.593167701863354
0.6956521739130435
0.5403726708074534
0.6086956521739131
0.2950310559006211
0.8975155279503105
0.2391304347826087
0.9720496894409938
0.6149068322981367
0.9006211180124224
0.43788819875776397
0.5993788819875776
0.5683229813664596
0.2515527950310559
0.35714285714285715
0.5993788819875776
0.17080745341614906
0.5527950310559007
0.7484472049689441
0.5745341614906833
0.6211180124223602
0.7484472049689441
0.7639751552795031
0.7795031055900621
0.8322981366459627
0.4658385093167702
0.19254658385093168
0.4782608695652174
0.22981366459627328
0.037267080745341616
0.6770186335403726
0.18322981366459629
0.782608695652174
0.8416149068322981
0.8913043478260869
0.9440993788819876
0.16459627329192547
0.36335403726708076
0.4720496894409938
0.33540372670807456
0.4254658385093168
0.09627329192546584
0.40062111801242234
0.06521739130434782
0.8043478260869565
0.7888198757763976
0.7608695652173914
0.782608695652174
0.6428571428571429
0.5962732919254659
0.6428571428571429
0.14285714285714285
0.8260869565217391
0.35714285714285715
0.4254658385093168
0.2515527950310559
0.6863354037267081
0.968944099378882
0.7018633540372671
0.4751552795031056
0.531055900621118
0.40062111801242234
0.9037267080745341
0.9782608695652174
0.2267080745341615
0.5403726708074534
0.20186335403726707
0.41304347826086957
0.38819875776397517
0.35714285714285715
0.015527950310559006
0.9285714285714286
0.07142857142857142
0.5031055900621118
0.2888198757763975
0.17701863354037267
0.577639751552795
0.40372670807453415
0.7577639751552795
0.35403726708074534
0.6304347826086957
0.4254658385093168
0.562111801242236
0.7919254658385093
0.22981366459627328
0.7763975155279503
0.6242236024844721
0.3167701863354037
0.43167701863354035
0.6242236024844721
0.531055900621118
0.37577639751552794
0.8664596273291926
0.36335403726708076
0.782608695652174
0.5745341614906833
0.39751552795031053
0.6335403726708074
0.12732919254658384
0.37267080745341613
0.2981366459627329
0.5248447204968945
0.8322981366459627
0.7391304347826086
0.5559006211180124
0.46273291925465837
0.46273291925465837
0.7236024844720497
0.22981366459627328
0.12422360248447205
0.6987577639751553
0.4440993788819876
0.7670807453416149
0.5
0.3416149068322981
0.07763975155279502
0.08074534161490683
0.9192546583850931
0.391304347826087
0.3198757763975155
0.3447204968944099
0.8571428571428571
0.4254658385093168
0.8757763975155279
0.9285714285714286
0.018633540372670808
