313450_313472
0.15343915343915343
0.0582010582010582
0.4021164021164021
0.9629629629629629
0.2804232804232804
0.9947089947089947
0.19576719576719576
0.06878306878306878
0.43386243386243384
0.9047619047619048
0.9206349206349206
0.8783068783068783
0.23809523809523808
0.7883597883597884
0.8359788359788359
0.026455026455026454
0.3386243386243386
0.9947089947089947
0.26455026455026454
0.06349206349206349
0.35978835978835977
0.08465608465608465
0.0582010582010582
0.7248677248677249
0.8148148148148148
0.9682539682539683
0.5079365079365079
0.25925925925925924
0.37566137566137564
0.06349206349206349
0.047619047619047616
0.8095238095238095
0.8359788359788359
0.2698412698412698
0.7777777777777778
0.25925925925925924
0.7724867724867724
0.9523809523809523
0.7354497354497355
0.9470899470899471
0.8042328042328042
0.8888888888888888
0.6984126984126984
0.8783068783068783
0.37037037037037035
0.9735449735449735
0.18518518518518517
0.8253968253968254
0.164021164021164
0.32275132275132273
1.0
0.2962962962962963
0.4074074074074074
0.7301587301587301
0.91005291005291
0.09523809523809523
0.9153439153439153
0.2328042328042328
0.7407407407407407
0.0582010582010582
0.9629629629629629
0.13756613756613756
0.5608465608465608
0.544973544973545
0.7407407407407407
0.43915343915343913
0.24338624338624337
0.8201058201058201
0.4497354497354497
0.7301587301587301
0.9470899470899471
0.10582010582010581
0.9576719576719577
0.783068783068783
0.7037037037037037
0.1164021164021164
0.798941798941799
0.43915343915343913
0.9788359788359788
0.14814814814814814
0.48148148148148145
0.8359788359788359
0.4074074074074074
0.9894179894179894
0.7142857142857143
0.8042328042328042
0.6984126984126984
0.7671957671957672
0.783068783068783
0.9312169312169312
0.48148148148148145
0.06349206349206349
0.3968253968253968
0.19576719576719576
0.7777777777777778
0.1693121693121693
0.4074074074074074
0.3386243386243386
0.7142857142857143
0.43915343915343913
0.14814814814814814
0.6137566137566137
0.4444444444444444
0.8095238095238095
0.1164021164021164
0.7777777777777778
0.7936507936507936
0.6507936507936508
0.9629629629629629
0.91005291005291
0.8253968253968254
0.5555555555555556
0.4708994708994709
0.10582010582010581
0.07936507936507936
0.1693121693121693
0.873015873015873
0.14285714285714285
0.671957671957672
0.06878306878306878
0.15873015873015872
0.6825396825396826
0.9629629629629629
0.4973544973544973
0.6349206349206349
0.9417989417989417
0.164021164021164
0.06878306878306878
0.9153439153439153
0.544973544973545
0.9523809523809523
0.38095238095238093
0.2804232804232804
0.8783068783068783
0.026455026455026454
0.9206349206349206
0.5978835978835979
0.8518518518518519
0.6507936507936508
0.1164021164021164
0.24867724867724866
0.7883597883597884
0.9788359788359788
0.17989417989417988
0.14285714285714285
0.8994708994708994
0.47619047619047616
0.1164021164021164
0.12169312169312169
0.20105820105820105
0.6984126984126984
0.0582010582010582
0.91005291005291
0.13227513227513227
0.20105820105820105
0.5026455026455027
0.9894179894179894
0.8465608465608465
0.4497354497354497
0.6349206349206349
0.8095238095238095
0.9735449735449735
0.42857142857142855
0.10582010582010581
0.05291005291005291
0.10052910052910052
0.48677248677248675
1.0
0.09523809523809523
0.3492063492063492
0.9312169312169312
0.6455026455026455
0.43915343915343913
0.4444444444444444
0.3544973544973545
0.8994708994708994
0.8253968253968254
0.13756613756613756
0.8518518518518519
0.05291005291005291
0.8253968253968254
0.21693121693121692
0.91005291005291
0.42857142857142855
0.08994708994708994
0.5502645502645502
0.38095238095238093
0.1693121693121693
0.13756613756613756
0.1693121693121693
0.7037037037037037
0.9629629629629629
0.07407407407407407
0.35978835978835977
0.21164021164021163
0.8994708994708994
0.08465608465608465
0.8941798941798942
0.38095238095238093
0.08994708994708994
0.10052910052910052
0.8783068783068783
0.9576719576719577
0.7513227513227513
0.2222222222222222
0.042328042328042326
0.7248677248677249
0.8941798941798942
0.7883597883597884
0.30687830687830686
0.047619047619047616
0.12698412698412698
0.1111111111111111
0.042328042328042326
0.031746031746031744
0.10582010582010581
0.9629629629629629
0.9947089947089947
0.015873015873015872
0.12169312169312169
0.8624338624338624
0.8888888888888888
0.2698412698412698
0.07407407407407407
0.3544973544973545
0.3333333333333333
0.0582010582010582
0.13756613756613756
0.32275132275132273
0.8624338624338624
0.3333333333333333
0.10582010582010581
0.8201058201058201
0.5555555555555556
0.6455026455026455
0.8571428571428571
0.30158730158730157
0.5873015873015873
0.43386243386243384
0.9365079365079365
0.4126984126984127
0.24338624338624337
0.9523809523809523
0.3333333333333333
0.06349206349206349
0.8941798941798942
0.9312169312169312
0.15873015873015872
0.26455026455026454
0.8518518518518519
0.6507936507936508
0.4708994708994709
0.10582010582010581
0.3492063492063492
0.07936507936507936
0.873015873015873
0.41798941798941797
0.08994708994708994
0.8835978835978836
0.9365079365079365
0.8465608465608465
0.9682539682539683
0.9523809523809523
0.10582010582010581
0.8677248677248677
0.8412698412698413
0.15343915343915343
0.21693121693121692
0.9470899470899471
0.026455026455026454
0.746031746031746
0.7142857142857143
0.021164021164021163
0.30687830687830686
0.1164021164021164
0.21693121693121692
0.7883597883597884
0.42328042328042326
0.5555555555555556
0.9841269841269841
0.582010582010582
0.20634920634920634
0.5396825396825397
0.91005291005291
0.9841269841269841
0.24338624338624337
0.1693121693121693
0.8148148148148148
0.8042328042328042
0.14285714285714285
0.10052910052910052
0.14285714285714285
0.7883597883597884
0.8359788359788359
0.9629629629629629
0.8888888888888888
0.12169312169312169
0.5661375661375662
0.8941798941798942
0.4708994708994709
0.1111111111111111
0.23809523809523808
0.9417989417989417
0.8253968253968254
0.671957671957672
0.9735449735449735
0.41798941798941797
0.7407407407407407
0.8359788359788359
0.07407407407407407
0.5502645502645502
0.8835978835978836
0.164021164021164
0.5661375661375662
0.9523809523809523
0.10052910052910052
0.26455026455026454
0.015873015873015872
0.9682539682539683
0.5608465608465608
0.0582010582010582
0.042328042328042326
0.544973544973545
0.9259259259259259
0.07936507936507936
0.06878306878306878
0.10052910052910052
0.47619047619047616
0.8095238095238095
0.08994708994708994
0.9788359788359788
0.9576719576719577
0.9841269841269841
0.8888888888888888
0.047619047619047616
0.8412698412698413
0.08994708994708994
0.047619047619047616
0.5873015873015873
0.9047619047619048
0.24867724867724866
0.05291005291005291
0.9894179894179894
0.08465608465608465
0.43915343915343913
0.1111111111111111
0.07407407407407407
0.5026455026455027
0.8571428571428571
0.6878306878306878
0.18518518518518517
0.9841269841269841
0.2962962962962963
0.06349206349206349
0.0582010582010582
0.06349206349206349
1.0
0.3915343915343915
0.8465608465608465
0.042328042328042326
0.14285714285714285
0.14814814814814814
0.8465608465608465
0.38095238095238093
0.7566137566137566
0.4973544973544973
0.19047619047619047
0.25396825396825395
0.8677248677248677
0.9365079365079365
0.13227513227513227
0.08994708994708994
0.5026455026455027
0.2328042328042328
0.6772486772486772
0.9153439153439153
0.873015873015873
0.9153439153439153
0.1693121693121693
0.9894179894179894
0.08994708994708994
0.6613756613756614
0.8359788359788359
0.9206349206349206
0.7777777777777778
0.7619047619047619
0.1693121693121693
0.7724867724867724
0.15873015873015872
0.25396825396825395
0.8783068783068783
0.20634920634920634
0.8941798941798942
0.6507936507936508
0.8994708994708994
0.7671957671957672
0.9735449735449735
0.3862433862433862
0.08994708994708994
0.3492063492063492
0.7407407407407407
0.544973544973545
0.21164021164021163
0.7619047619047619
0.9947089947089947
0.13756613756613756
0.21164021164021163
0.9841269841269841
0.8148148148148148
0.23809523809523808
0.08465608465608465
0.9206349206349206
0.8994708994708994
0.12698412698412698
0.20634920634920634
0.7671957671957672
0.7777777777777778
0.26455026455026454
0.9259259259259259
0.7936507936507936
0.5608465608465608
0.2275132275132275
0.8465608465608465
0.25925925925925924
0.5978835978835979
0.8095238095238095
0.14814814814814814
0.37566137566137564
0.42857142857142855
0.5185185185185185
0.19576719576719576
0.7301587301587301
0.25396825396825395
0.09523809523809523
0.7248677248677249
0.7513227513227513
0.5079365079365079
0.8253968253968254
0.08994708994708994
0.08465608465608465
0.9470899470899471
0.24867724867724866
0.9153439153439153
0.021164021164021163
0.06349206349206349
0.8306878306878307
0.8783068783068783
0.8783068783068783
0.5291005291005291
0.4126984126984127
0.6878306878306878
0.7724867724867724
0.9312169312169312
0.6825396825396826
0.12698412698412698
0.10582010582010581
0.671957671957672
0.21693121693121692
0.8835978835978836
0.31746031746031744
0.26455026455026454
0.1164021164021164
0.07936507936507936
0.13756613756613756
0.8677248677248677
0.07936507936507936
0.5079365079365079
0.9629629629629629
0.8518518518518519
0.0582010582010582
0.6190476190476191
0.6507936507936508
0.30687830687830686
0.2698412698412698
0.7619047619047619
0.8941798941798942
0.4074074074074074
0.6296296296296297
0.21164021164021163
0.9576719576719577
0.328042328042328
0.9947089947089947
0.6296296296296297
0.9788359788359788
0.25925925925925924
0.6402116402116402
0.9206349206349206
0.1746031746031746
0.4021164021164021
0.7354497354497355
0.08994708994708994
0.42857142857142855
0.9841269841269841
0.7301587301587301
0.6137566137566137
0.9312169312169312
0.873015873015873
0.8518518518518519
0.9259259259259259
0.2751322751322751
0.4444444444444444
0.43915343915343913
0.08994708994708994
0.09523809523809523
0.9206349206349206
0.2962962962962963
0.783068783068783
0.8412698412698413
0.9470899470899471
0.91005291005291
0.0582010582010582
0.2275132275132275
0.4708994708994709
0.43915343915343913
0.14814814814814814
0.06349206349206349
0.37566137566137564
0.09523809523809523
0.5185185185185185
0.9365079365079365
0.8783068783068783
0.8518518518518519
0.7248677248677249
0.6084656084656085
0.8412698412698413
0.06878306878306878
0.8412698412698413
0.2222222222222222
0.7142857142857143
0.06878306878306878
0.6613756613756614
0.9470899470899471
0.8095238095238095
0.5714285714285714
0.6031746031746031
0.6507936507936508
0.9417989417989417
0.9894179894179894
0.10052910052910052
0.656084656084656
0.10582010582010581
0.15873015873015872
0.2275132275132275
0.25396825396825395
0.047619047619047616
0.8783068783068783
0.06878306878306878
0.798941798941799
0.48148148148148145
0.08465608465608465
0.3915343915343915
0.1746031746031746
0.8042328042328042
0.17989417989417988
0.5978835978835979
0.31216931216931215
0.5502645502645502
0.9206349206349206
0.06349206349206349
0.8253968253968254
0.7777777777777778
0.19047619047619047
0.6931216931216931
0.7619047619047619
0.5925925925925926
0.2275132275132275
0.9206349206349206
0.17989417989417988
0.4074074074074074
0.5873015873015873
0.6613756613756614
0.8359788359788359
0.1111111111111111
0.10052910052910052
0.4497354497354497
0.1746031746031746
0.8783068783068783
0.8148148148148148
0.6613756613756614
0.12169312169312169
0.25925925925925924
0.8148148148148148
0.15343915343915343
0.08465608465608465
0.708994708994709
0.8624338624338624
0.8253968253968254
0.43386243386243384
0.6402116402116402
0.026455026455026454
0.07936507936507936
0.9735449735449735
0.15343915343915343
0.13227513227513227
0.48677248677248675
0.91005291005291
0.4708994708994709
0.9206349206349206
0.9312169312169312
0.031746031746031744
