313450_313472
0.18374558303886926
0.08480565371024736
0.48056537102473496
0.911660777385159
0.4028268551236749
0.9752650176678446
0.24734982332155478
0.0989399293286219
0.36395759717314485
0.9045936395759717
0.9257950530035336
0.9081272084805654
0.36395759717314485
0.6996466431095406
0.9222614840989399
0.014134275618374558
0.254416961130742
0.9858657243816255
0.3392226148409894
0.06713780918727916
0.4452296819787986
0.0706713780918728
0.053003533568904596
0.7667844522968198
0.7597173144876325
0.9611307420494699
0.21201413427561838
0.5053003533568905
0.47703180212014135
0.0353356890459364
0.06713780918727916
0.7420494699646644
0.8939929328621908
0.7526501766784452
0.8409893992932862
0.19434628975265017
0.833922261484099
0.9469964664310954
0.8586572438162544
0.8303886925795053
0.6042402826855123
0.8409893992932862
0.6537102473498233
0.9222614840989399
0.2508833922261484
0.9823321554770318
0.1696113074204947
0.8127208480565371
0.21554770318021202
0.28975265017667845
0.9469964664310954
0.38515901060070673
0.30742049469964666
0.5795053003533569
0.872791519434629
0.06713780918727916
0.9681978798586572
0.519434628975265
0.784452296819788
0.12014134275618374
0.9717314487632509
0.14487632508833923
0.49469964664310956
0.49823321554770317
0.7985865724381626
0.4558303886925795
0.33568904593639576
0.8056537102473498
0.44876325088339225
0.607773851590106
0.9081272084805654
0.10247349823321555
0.9575971731448764
0.833922261484099
0.6925795053003534
0.18021201413427562
0.8162544169611308
0.5653710247349824
0.9399293286219081
0.15901060070671377
0.5335689045936396
0.7526501766784452
0.44876325088339225
0.9858657243816255
0.519434628975265
0.6007067137809188
0.5865724381625441
0.5936395759717314
0.7703180212014135
0.7809187279151943
0.4098939929328622
0.053003533568904596
0.254416961130742
0.22614840989399293
0.7667844522968198
0.127208480565371
0.37809187279151946
0.4098939929328622
0.607773851590106
0.5371024734982333
0.04946996466431095
0.5971731448763251
0.3568904593639576
0.8515901060070671
0.15901060070671377
0.7067137809187279
0.784452296819788
0.5017667844522968
0.9399293286219081
0.9293286219081273
0.7137809187279152
0.392226148409894
0.45229681978798586
0.20848056537102475
0.05653710247349823
0.2862190812720848
0.833922261484099
0.13780918727915195
0.7243816254416962
0.06713780918727916
0.17314487632508835
0.7455830388692579
0.9399293286219081
0.5547703180212014
0.6113074204946997
0.8515901060070671
0.13427561837455831
0.10600706713780919
0.9257950530035336
0.6325088339222615
0.950530035335689
0.4028268551236749
0.3215547703180212
0.9187279151943463
0.045936395759717315
0.8551236749116607
0.7385159010600707
0.872791519434629
0.6855123674911661
0.16607773851590105
0.2826855123674912
0.8303886925795053
0.9717314487632509
0.2226148409893993
0.18374558303886926
0.8515901060070671
0.43462897526501765
0.08480565371024736
0.09540636042402827
0.1978798586572438
0.6890459363957597
0.0706713780918728
0.8480565371024735
0.10954063604240283
0.37809187279151946
0.4134275618374558
0.9717314487632509
0.9257950530035336
0.42402826855123676
0.7491166077738516
0.9222614840989399
0.8692579505300353
0.4169611307420495
0.13780918727915195
0.06713780918727916
0.24028268551236748
0.4098939929328622
0.9893992932862191
0.13780918727915195
0.3215547703180212
0.9540636042402827
0.7809187279151943
0.31802120141342755
0.4840989399293286
0.43462897526501765
0.7632508833922261
0.6607773851590106
0.0706713780918728
0.8409893992932862
0.053003533568904596
0.7809187279151943
0.2826855123674912
0.7208480565371025
0.44876325088339225
0.09540636042402827
0.4628975265017668
0.4204946996466431
0.17667844522968199
0.10600706713780919
0.15901060070671377
0.784452296819788
0.9858657243816255
0.127208480565371
0.2508833922261484
0.2226148409893993
0.9399293286219081
0.07420494699646643
0.9187279151943463
0.2332155477031802
0.02120141342756184
0.15901060070671377
0.8869257950530035
0.9717314487632509
0.7173144876325088
0.21554770318021202
0.06007067137809187
0.9293286219081273
0.8162544169611308
0.657243816254417
0.4134275618374558
0.19081272084805653
0.17667844522968199
0.10954063604240283
0.0353356890459364
0.04240282685512368
0.26855123674911663
0.9681978798586572
0.9752650176678446
0.02120141342756184
0.17314487632508835
0.8939929328621908
0.901060070671378
0.35335689045936397
0.21201413427561838
0.24028268551236748
0.4028268551236749
0.05653710247349823
0.12014134275618374
0.2332155477031802
0.9187279151943463
0.3392226148409894
0.12014134275618374
0.8197879858657244
0.4416961130742049
0.5653710247349824
0.8586572438162544
0.28975265017667845
0.6219081272084805
0.4911660777385159
0.9328621908127208
0.5229681978798587
0.17667844522968199
0.9717314487632509
0.303886925795053
0.045936395759717315
0.9434628975265018
0.9434628975265018
0.12014134275618374
0.23674911660777384
0.8904593639575972
0.773851590106007
0.3957597173144876
0.2791519434628975
0.38869257950530034
0.08833922261484099
0.8515901060070671
0.4028268551236749
0.0989399293286219
0.8409893992932862
0.9540636042402827
0.8833922261484098
0.9964664310954063
0.9717314487632509
0.12367491166077739
0.9611307420494699
0.833922261484099
0.20848056537102475
0.2862190812720848
0.8621908127208481
0.0636042402826855
0.696113074204947
0.7137809187279152
0.028268551236749116
0.37809187279151946
0.1413427561837456
0.303886925795053
0.8409893992932862
0.3957597173144876
0.5795053003533569
0.9399293286219081
0.44876325088339225
0.22614840989399293
0.5865724381625441
0.8551236749116607
0.9752650176678446
0.19081272084805653
0.24028268551236748
0.6607773851590106
0.8621908127208481
0.16607773851590105
0.07420494699646643
0.13780918727915195
0.7915194346289752
0.8621908127208481
0.9540636042402827
0.8657243816254417
0.19434628975265017
0.4664310954063604
0.8692579505300353
0.5017667844522968
0.10247349823321555
0.2756183745583039
0.8904593639575972
0.8480565371024735
0.6007067137809188
0.9363957597173145
0.4028268551236749
0.657243816254417
0.8586572438162544
0.09187279151943463
0.4876325088339223
0.9293286219081273
0.1978798586572438
0.6395759717314488
0.9787985865724381
0.18021201413427562
0.45936395759717313
0.01060070671378092
0.9363957597173145
0.5371024734982333
0.07773851590106007
0.14487632508833923
0.34275618374558303
0.9611307420494699
0.20141342756183744
0.08480565371024736
0.13074204946996468
0.38162544169611307
0.7491166077738516
0.06713780918727916
0.9858657243816255
0.9823321554770318
0.9575971731448764
0.6996466431095406
0.0706713780918728
0.8445229681978799
0.0636042402826855
0.06713780918727916
0.5830388692579506
0.901060070671378
0.19081272084805653
0.028268551236749116
0.9823321554770318
0.1413427561837456
0.4840989399293286
0.13780918727915195
0.10600706713780919
0.5123674911660777
0.7455830388692579
0.7279151943462897
0.2332155477031802
0.9717314487632509
0.19081272084805653
0.053003533568904596
0.09187279151943463
0.04240282685512368
0.9858657243816255
0.508833922261484
0.9187279151943463
0.02120141342756184
0.13427561837455831
0.20848056537102475
0.8621908127208481
0.3003533568904594
0.9222614840989399
0.5724381625441696
0.21554770318021202
0.28975265017667845
0.901060070671378
0.9929328621908127
0.09540636042402827
0.06713780918727916
0.3674911660777385
0.1519434628975265
0.657243816254417
0.9434628975265018
0.9575971731448764
0.8975265017667845
0.08833922261484099
0.9858657243816255
0.08480565371024736
0.6183745583038869
0.7561837455830389
0.8833922261484098
0.6501766784452296
0.8021201413427562
0.26855123674911663
0.7067137809187279
0.24028268551236748
0.36042402826855124
0.9399293286219081
0.15901060070671377
0.8127208480565371
0.7561837455830389
0.9717314487632509
0.8445229681978799
0.9611307420494699
0.38515901060070673
0.09187279151943463
0.24381625441696114
0.6289752650176679
0.45936395759717313
0.2226148409893993
0.7632508833922261
0.9823321554770318
0.2508833922261484
0.1872791519434629
0.9929328621908127
0.7597173144876325
0.1872791519434629
0.0706713780918728
0.9434628975265018
0.901060070671378
0.1625441696113074
0.43109540636042404
0.7067137809187279
0.7243816254416962
0.21908127208480566
0.9257950530035336
0.7809187279151943
0.607773851590106
0.19081272084805653
0.734982332155477
0.6148409893992933
0.657243816254417
0.7597173144876325
0.1413427561837456
0.43109540636042404
0.38515901060070673
0.22968197879858657
0.254416961130742
0.833922261484099
0.5335689045936396
0.14487632508833923
0.8657243816254417
0.6148409893992933
0.5123674911660777
0.8833922261484098
0.13074204946996468
0.038869257950530034
0.8904593639575972
0.2826855123674912
0.9151943462897526
0.08480565371024736
0.10954063604240283
0.6713780918727915
0.8056537102473498
0.9081272084805654
0.6183745583038869
0.4169611307420495
0.6431095406360424
0.9752650176678446
0.8374558303886925
0.696113074204947
0.20848056537102475
0.1166077738515901
0.6289752650176679
0.23674911660777384
0.9151943462897526
0.28975265017667845
0.3392226148409894
0.12367491166077739
0.0706713780918728
0.12014134275618374
0.8409893992932862
0.1166077738515901
0.519434628975265
0.9540636042402827
0.8374558303886925
0.04946996466431095
0.5759717314487632
0.7208480565371025
0.3498233215547703
0.20141342756183744
0.6749116607773852
0.7420494699646644
0.6042402826855123
0.5936395759717314
0.2226148409893993
0.950530035335689
0.2332155477031802
0.9399293286219081
0.6395759717314488
0.9646643109540636
0.3215547703180212
0.657243816254417
0.6784452296819788
0.13074204946996468
0.4028268551236749
0.6113074204946997
0.053003533568904596
0.5335689045936396
0.9328621908127208
0.6395759717314488
0.6113074204946997
0.8621908127208481
0.7985865724381626
0.9293286219081273
0.9399293286219081
0.22614840989399293
0.2579505300353357
0.5229681978798587
0.09540636042402827
0.10954063604240283
0.8763250883392226
0.10954063604240283
0.7879858657243817
0.8056537102473498
0.9575971731448764
0.9363957597173145
0.0812720848056537
0.31095406360424027
0.5159010600706714
0.3250883392226148
0.36042402826855124
0.02120141342756184
0.303886925795053
0.08480565371024736
0.558303886925795
0.8939929328621908
0.8798586572438163
0.7420494699646644
0.6537102473498233
0.6395759717314488
0.7561837455830389
0.05653710247349823
0.8515901060070671
0.27208480565371024
0.5123674911660777
0.10600706713780919
0.7526501766784452
0.901060070671378
0.7031802120141343
0.5865724381625441
0.4840989399293286
0.34275618374558303
0.9081272084805654
0.9858657243816255
0.127208480565371
0.607773851590106
0.15547703180212014
0.26148409893992935
0.1166077738515901
0.2756183745583039
0.038869257950530034
0.8798586572438163
0.0989399293286219
0.6431095406360424
0.28975265017667845
0.07773851590106007
0.5017667844522968
0.2579505300353357
0.6466431095406361
0.19434628975265017
0.4911660777385159
0.36395759717314485
0.5229681978798587
0.9187279151943463
0.10600706713780919
0.7243816254416962
0.6395759717314488
0.22968197879858657
0.558303886925795
0.7773851590106007
0.45229681978798586
0.15547703180212014
0.8692579505300353
0.23674911660777384
0.6537102473498233
0.5653710247349824
0.4098939929328622
0.6466431095406361
0.19434628975265017
0.11307420494699646
0.4416961130742049
0.24734982332155478
0.8551236749116607
0.7809187279151943
0.6537102473498233
0.14487632508833923
0.45229681978798586
0.8763250883392226
0.26501766784452296
0.12367491166077739
0.6607773851590106
0.5053003533568905
0.8551236749116607
0.5017667844522968
0.43109540636042404
0.04240282685512368
0.07420494699646643
0.9328621908127208
0.20141342756183744
0.17667844522968199
0.4134275618374558
0.9328621908127208
0.4452296819787986
0.872791519434629
0.950530035335689
0.03180212014134275
