313450_313472
0.1184573002754821
0.06611570247933884
0.6556473829201102
0.9476584022038568
0.38016528925619836
0.9807162534435262
0.18732782369146006
0.13774104683195593
0.14325068870523416
0.9173553719008265
0.9559228650137741
0.9614325068870524
0.2975206611570248
0.7878787878787878
0.7933884297520661
0.03581267217630854
0.17079889807162535
0.9972451790633609
0.5041322314049587
0.027548209366391185
0.45179063360881544
0.0743801652892562
0.06887052341597796
0.928374655647383
0.8071625344352618
0.9393939393939394
0.2892561983471074
0.6198347107438017
0.4132231404958678
0.03581267217630854
0.013774104683195593
0.7630853994490359
0.8071625344352618
0.7520661157024794
0.9035812672176309
0.2644628099173554
0.768595041322314
0.9338842975206612
0.7713498622589532
0.8925619834710744
0.6088154269972452
0.9090909090909091
0.6556473829201102
0.8815426997245179
0.24242424242424243
0.9696969696969697
0.1322314049586777
0.790633608815427
0.256198347107438
0.41597796143250687
0.9476584022038568
0.2809917355371901
0.38292011019283745
0.6887052341597796
0.8512396694214877
0.04132231404958678
0.9586776859504132
0.41597796143250687
0.7575757575757576
0.0743801652892562
0.9146005509641874
0.16804407713498623
0.5151515151515151
0.5977961432506887
0.8705234159779615
0.465564738292011
0.371900826446281
0.7796143250688705
0.5289256198347108
0.5619834710743802
0.9504132231404959
0.15977961432506887
0.9669421487603306
0.8044077134986226
0.7272727272727273
0.1928374655647383
0.8126721763085399
0.5426997245179064
0.9201101928374655
0.2727272727272727
0.6584022038567493
0.8457300275482094
0.39118457300275483
0.9917355371900827
0.5482093663911846
0.6831955922865014
0.768595041322314
0.6005509641873278
0.7741046831955923
0.8457300275482094
0.4931129476584022
0.11294765840220386
0.2066115702479339
0.15151515151515152
0.7741046831955923
0.15426997245179064
0.3333333333333333
0.39669421487603307
0.7355371900826446
0.39118457300275483
0.05785123966942149
0.4297520661157025
0.44352617079889806
0.8650137741046832
0.15702479338842976
0.8457300275482094
0.768595041322314
0.5344352617079889
0.9834710743801653
0.9173553719008265
0.7410468319559229
0.42699724517906334
0.47107438016528924
0.2892561983471074
0.1322314049586777
0.3085399449035813
0.8567493112947658
0.11570247933884298
0.48484848484848486
0.05509641873278237
0.3085399449035813
0.7493112947658402
0.9696969696969697
0.5179063360881543
0.559228650137741
0.8071625344352618
0.23415977961432508
0.10743801652892562
0.9834710743801653
0.43526170798898073
0.9256198347107438
0.2727272727272727
0.2231404958677686
0.9421487603305785
0.02203856749311295
0.931129476584022
0.5234159779614325
0.8429752066115702
0.5454545454545454
0.06611570247933884
0.2369146005509642
0.7988980716253443
0.9724517906336089
0.2369146005509642
0.14049586776859505
0.8760330578512396
0.39118457300275483
0.07713498622589532
0.03305785123966942
0.3278236914600551
0.6253443526170799
0.049586776859504134
0.90633608815427
0.13774104683195593
0.46831955922865015
0.509641873278237
0.9944903581267218
0.8925619834710744
0.4049586776859504
0.6033057851239669
0.8953168044077136
0.9449035812672176
0.39118457300275483
0.21487603305785125
0.046831955922865015
0.17355371900826447
0.30578512396694213
0.9889807162534435
0.08264462809917356
0.31955922865013775
0.9614325068870524
0.6859504132231405
0.21212121212121213
0.38016528925619836
0.47107438016528924
0.9201101928374655
0.7933884297520661
0.09917355371900827
0.6198347107438017
0.03581267217630854
0.7988980716253443
0.1790633608815427
0.8099173553719008
0.36639118457300274
0.1046831955922865
0.45454545454545453
0.5730027548209367
0.21487603305785125
0.13774104683195593
0.14325068870523416
0.6749311294765841
0.9834710743801653
0.17355371900826447
0.31955922865013775
0.19008264462809918
0.9173553719008265
0.10192837465564739
0.8842975206611571
0.349862258953168
0.046831955922865015
0.20385674931129477
0.9173553719008265
0.9449035812672176
0.6804407713498623
0.2699724517906336
0.07988980716253444
0.8980716253443526
0.8347107438016529
0.48760330578512395
0.23415977961432508
0.3002754820936639
0.13774104683195593
0.07162534435261708
0.0440771349862259
0.03581267217630854
0.34710743801652894
0.9696969696969697
0.977961432506887
0.030303030303030304
0.15426997245179064
0.8898071625344353
0.8925619834710744
0.3305785123966942
0.2369146005509642
0.30578512396694213
0.39944903581267216
0.06060606060606061
0.09366391184573003
0.3746556473829201
0.7548209366391184
0.325068870523416
0.06611570247933884
0.8677685950413223
0.3415977961432507
0.5950413223140496
0.8016528925619835
0.26721763085399447
0.3305785123966942
0.465564738292011
0.9366391184573003
0.5013774104683195
0.27548209366391185
0.9862258953168044
0.18181818181818182
0.07713498622589532
0.9917355371900827
0.90633608815427
0.08264462809917356
0.13774104683195593
0.8705234159779615
0.5647382920110193
0.2865013774104683
0.24242424242424243
0.33884297520661155
0.03581267217630854
0.8925619834710744
0.5068870523415978
0.0881542699724518
0.7603305785123967
0.9393939393939394
0.931129476584022
0.9972451790633609
0.9586776859504132
0.06887052341597796
0.9669421487603306
0.8732782369146006
0.18732782369146006
0.2231404958677686
0.8842975206611571
0.05234159779614325
0.7741046831955923
0.7658402203856749
0.02203856749311295
0.31955922865013775
0.06060606060606061
0.27548209366391185
0.8071625344352618
0.6556473829201102
0.696969696969697
0.9256198347107438
0.4297520661157025
0.24793388429752067
0.7052341597796143
0.8181818181818182
0.977961432506887
0.19834710743801653
0.23415977961432508
0.6914600550964187
0.7603305785123967
0.33608815426997246
0.14325068870523416
0.18181818181818182
0.8402203856749312
0.7961432506887053
0.9889807162534435
0.9173553719008265
0.22589531680440772
0.4490358126721763
0.8677685950413223
0.4132231404958678
0.09641873278236915
0.30303030303030304
0.8953168044077136
0.8760330578512396
0.7327823691460055
0.953168044077135
0.3002754820936639
0.6611570247933884
0.8567493112947658
0.030303030303030304
0.5013774104683195
0.9393939393939394
0.19559228650137742
0.5950413223140496
0.953168044077135
0.20110192837465565
0.23415977961432508
0.05509641873278237
0.9586776859504132
0.5316804407713499
0.01652892561983471
0.1046831955922865
0.4325068870523416
0.931129476584022
0.19559228650137742
0.04132231404958678
0.09366391184573003
0.4380165289256198
0.7988980716253443
0.12396694214876033
0.9944903581267218
0.9669421487603306
0.9421487603305785
0.7878787878787878
0.049586776859504134
0.8512396694214877
0.049586776859504134
0.0440771349862259
0.4986225895316804
0.8925619834710744
0.29201101928374656
0.03305785123966942
0.9944903581267218
0.14600550964187328
0.5757575757575758
0.18457300275482094
0.06611570247933884
0.6308539944903582
0.7465564738292011
0.4903581267217631
0.19834710743801653
0.9889807162534435
0.2534435261707989
0.030303030303030304
0.06611570247933884
0.06611570247933884
1.0
0.48484848484848486
0.9173553719008265
0.024793388429752067
0.0881542699724518
0.17079889807162535
0.8870523415977961
0.22038567493112948
0.9035812672176309
0.5785123966942148
0.162534435261708
0.3278236914600551
0.9090909090909091
0.9834710743801653
0.1046831955922865
0.15151515151515152
0.3691460055096419
0.31955922865013775
0.4132231404958678
0.9421487603305785
0.9201101928374655
0.9228650137741047
0.20110192837465565
0.9917355371900827
0.05785123966942149
0.6170798898071626
0.8925619834710744
0.8925619834710744
0.7107438016528925
0.8154269972451791
0.2644628099173554
0.6584022038567493
0.2231404958677686
0.25895316804407714
0.8870523415977961
0.30303030303030304
0.7878787878787878
0.837465564738292
0.953168044077135
0.7658402203856749
0.9421487603305785
0.29476584022038566
0.0743801652892562
0.162534435261708
0.6914600550964187
0.46831955922865015
0.35537190082644626
0.790633608815427
0.9917355371900827
0.12121212121212122
0.19008264462809918
0.9972451790633609
0.7851239669421488
0.20385674931129477
0.1349862258953168
0.9724517906336089
0.8815426997245179
0.12947658402203857
0.24242424242424243
0.7768595041322314
0.7796143250688705
0.12396694214876033
0.8980716253443526
0.7548209366391184
0.46831955922865015
0.22865013774104684
0.6749311294765841
0.5454545454545454
0.5371900826446281
0.743801652892562
0.1322314049586777
0.4793388429752066
0.32231404958677684
0.29476584022038566
0.36639118457300274
0.8347107438016529
0.559228650137741
0.2644628099173554
0.8319559228650137
0.6721763085399449
0.5371900826446281
0.7851239669421488
0.1763085399449036
0.03856749311294766
0.9862258953168044
0.209366391184573
0.931129476584022
0.06060606060606061
0.07162534435261708
0.71900826446281
0.8484848484848485
0.9338842975206612
0.6721763085399449
0.3774104683195592
0.6914600550964187
0.9586776859504132
0.8539944903581267
0.6253443526170799
0.31129476584022037
0.15151515151515152
0.5977961432506887
0.17355371900826447
0.9228650137741047
0.3333333333333333
0.2644628099173554
0.16804407713498623
0.049586776859504134
0.030303030303030304
0.9421487603305785
0.18181818181818182
0.628099173553719
0.9724517906336089
0.9035812672176309
0.030303030303030304
0.4490358126721763
0.6942148760330579
0.15702479338842976
0.10743801652892562
0.6694214876033058
0.7878787878787878
0.5289256198347108
0.4325068870523416
0.29476584022038566
0.9669421487603306
0.15702479338842976
0.9614325068870524
0.6336088154269972
0.9834710743801653
0.3305785123966942
0.8319559228650137
0.6473829201101928
0.18732782369146006
0.4793388429752066
0.6225895316804407
0.03856749311294766
0.30578512396694213
0.928374655647383
0.7327823691460055
0.6418732782369146
0.8925619834710744
0.9118457300275482
0.8925619834710744
0.953168044077135
0.20385674931129477
0.25068870523415976
0.45454545454545453
0.06887052341597796
0.09641873278236915
0.90633608815427
0.21212121212121213
0.8126721763085399
0.7630853994490359
0.9449035812672176
0.9035812672176309
0.04132231404958678
0.2066115702479339
0.48484848484848486
0.45179063360881544
0.30303030303030304
0.049586776859504134
0.2865013774104683
0.08264462809917356
0.5206611570247934
0.9118457300275482
0.7741046831955923
0.7933884297520661
0.5785123966942148
0.7961432506887053
0.6887052341597796
0.05785123966942149
0.8705234159779615
0.3884297520661157
0.4765840220385675
0.05785123966942149
0.721763085399449
0.8677685950413223
0.837465564738292
0.5537190082644629
0.41046831955922863
0.29201101928374656
0.8980716253443526
0.9862258953168044
0.1184573002754821
0.7024793388429752
0.10192837465564739
0.1322314049586777
0.26170798898071623
0.38016528925619836
0.02203856749311295
0.9035812672176309
0.0440771349862259
0.6170798898071626
0.2975206611570248
0.03856749311294766
0.3939393939393939
0.1763085399449036
0.768595041322314
0.31129476584022037
0.509641873278237
0.36363636363636365
0.47107438016528924
0.9118457300275482
0.05785123966942149
0.7741046831955923
0.696969696969697
0.0881542699724518
0.6556473829201102
0.7162534435261708
0.6446280991735537
0.2396694214876033
0.9146005509641874
0.2699724517906336
0.45179063360881544
0.5895316804407713
0.47107438016528924
0.743801652892562
0.13774104683195593
0.09090909090909091
0.3278236914600551
0.19559228650137742
0.9586776859504132
0.7658402203856749
0.6115702479338843
0.07713498622589532
0.3333333333333333
0.8292011019283747
0.25068870523415976
0.05785123966942149
0.8126721763085399
0.5619834710743802
0.8705234159779615
0.41597796143250687
0.4462809917355372
0.04132231404958678
0.07713498622589532
0.9889807162534435
0.18457300275482094
0.1928374655647383
0.30303030303030304
0.9173553719008265
0.26721763085399447
0.8953168044077136
0.90633608815427
0.0440771349862259
